{
 "metadata": {
  "name": ""
 },
 "nbformat": 3,
 "nbformat_minor": 0,
 "worksheets": [
  {
   "cells": [
    {
     "cell_type": "code",
     "collapsed": false,
     "input": [
      "import math\n",
      "import numpy\n",
      "\n",
      "S = numpy.matrix([\n",
      "  [ 2.263E-01, 1.991E-01, 3.086E-01, 4.942E-01, 3.409E-01],\n",
      "  [ 1.991E-01, 7.264E-01, 6.258E-01, 5.923E-01, 5.284E-01],\n",
      "  [ 3.086E-01, 6.258E-01, 7.201E-01, 7.445E-01, 4.964E-01],\n",
      "  [ 4.942E-01, 5.923E-01, 7.445E-01, 1.252E+00, 8.759E-01],\n",
      "  [ 3.409E-01, 5.284E-01, 4.964E-01, 8.759E-01, 8.980E-01]\n",
      "  ])\n",
      "\n",
      "N = S.shape[0]\n",
      "MAX_ITERATION = 20\n",
      "THRESHOLD = 1e-10\n",
      "\n",
      "Z = numpy.matrix(numpy.identity(N))\n",
      "Y = S\n",
      "\n",
      "lam = 1/numpy.linalg.norm(S, 'fro')\n",
      "print(\"||S||_{F} = %e, lambda = %e\" % (numpy.linalg.norm(S, 'fro'), lam))\n",
      "\n",
      "for i in range(MAX_ITERATION):\n",
      "    \n",
      "    #print(\"Z_%d:\" % (i+1))\n",
      "    #print(Z)\n",
      "    #print(numpy.linalg.norm(Z, 'fro'))\n",
      "\n",
      "    #print(\"Y%d:\" % (i+1))\n",
      "    #print(Y)\n",
      "    #print(numpy.linalg.norm(Y, 'fro'))\n",
      "    #print(numpy.linalg.norm(Y[0:4,0:4], 'fro'))\n",
      "    #print(numpy.linalg.norm(Y[0:4,4:8], 'fro'))\n",
      "    #print(numpy.linalg.norm(Y[4:8,0:4], 'fro'))\n",
      "    #print(numpy.linalg.norm(Y[4:8,4:8], 'fro'))\n",
      "\n",
      "    X = lam*Y*Z\n",
      "    #print(\"X_%d\" % (i+1))\n",
      "    #print(X)\n",
      "    #print(numpy.linalg.norm(X, 'fro'))\n",
      "    \n",
      "    e = numpy.linalg.norm(X-numpy.identity(N), 'fro')\n",
      "    print(\"error(%2d) = %e\" % (i+1, e))\n",
      "    if e < THRESHOLD:\n",
      "        break\n",
      "        \n",
      "    T = 1/2*(3*numpy.identity(N)-X) # Second order.\n",
      "    #T = 1/8*(15*numpy.identity(N)-10*X+3*X*X) # Third order.\n",
      "    #T = 1/16*(35*numpy.identity(N)-35*X+21*X*X-5*X*X*X) # Fourth order.\n",
      "    #print(\"T_%d\" % (i+1))\n",
      "    #print(T)\n",
      "    #print(numpy.linalg.norm(T, 'fro'))\n",
      "    #print(numpy.linalg.norm(T[0:4,0:4], 'fro'))\n",
      "    #print(numpy.linalg.norm(T[0:4,4:8], 'fro'))\n",
      "\n",
      "    Z = Z*T\n",
      "    Y = T*Y\n",
      "    \n",
      "X = math.sqrt(lam)*Z\n",
      "XT = math.sqrt(lam)*Y # Eq. (26) uses 1/sqrt(lam), which seems wrong.\n",
      "print(\"X (S^{-1/2}):\")\n",
      "print(X)\n",
      "#print(\"X^{-1} (S^{1/2}):\")\n",
      "#print(X.I)\n",
      "print(\"XT (S^{1/2}:\")\n",
      "print(XT)"
     ],
     "language": "python",
     "metadata": {},
     "outputs": [
      {
       "output_type": "stream",
       "stream": "stdout",
       "text": [
        "||S||_{F} = 3.105005e+00, lambda = 3.220607e-01\n",
        "error( 1) = 1.880865e+00\n",
        "error( 2) = 1.760351e+00\n",
        "error( 3) = 1.571237e+00\n",
        "error( 4) = 1.357474e+00\n",
        "error( 5) = 1.173267e+00\n",
        "error( 6) = 9.859161e-01\n",
        "error( 7) = 7.892269e-01\n",
        "error( 8) = 5.668276e-01\n",
        "error( 9) = 2.861967e-01\n",
        "error(10) = 6.729184e-02\n",
        "error(11) = 3.472321e-03\n",
        "error(12) = 9.053228e-06\n",
        "error(13) = 6.147116e-11\n",
        "X (S^{-1/2}):\n",
        "[[ 8.95768031  2.75087178 -3.25182993 -1.71753856 -1.3528134 ]\n",
        " [ 2.75087178  3.49657629 -2.74524671 -0.09339462 -1.20494078]\n",
        " [-3.25182993 -2.74524671  4.43552359 -0.52724687  1.08002201]\n",
        " [-1.71753856 -0.09339462 -0.52724687  2.26993536 -0.73883184]\n",
        " [-1.3528134  -1.20494078  1.08002201 -0.73883184  2.2050112 ]]\n",
        "XT (S^{1/2}:\n",
        "[[ 0.26132527  0.01458755  0.19394894  0.29995205  0.17380703]\n",
        " [ 0.01458755  0.67762785  0.39255941  0.21432909  0.25878146]\n",
        " [ 0.19394894  0.39255941  0.61611805  0.35506152  0.15070095]\n",
        " [ 0.29995205  0.21432909  0.35506152  0.89815577  0.42818143]\n",
        " [ 0.17380703  0.25878146  0.15070095  0.42818143  0.77121538]]\n"
       ]
      }
     ],
     "prompt_number": 16
    },
    {
     "cell_type": "code",
     "collapsed": false,
     "input": [],
     "language": "python",
     "metadata": {},
     "outputs": []
    }
   ],
   "metadata": {}
  }
 ]
}