%%MatrixMarket matrix coordinate real general
4241 4241 131556
7 1 -5.3333337704335e-01
5 1 -2.4888895584475e+00
3 1 -7.1111066606315e-01
1 1  8.5333339373265e+00
8 1 -4.4444444444441e-01
6 1  1.3907752418468e-08
4 1 -1.3907748324521e-08
2 1 -6.8695049648682e-15
9 1  4.4444454792469e-02
10 1  2.4835268693998e-10
1 2 -6.8695049648682e-15
7 2 -4.4444444444441e-01
5 2  1.3907752349079e-08
3 2 -1.3907748293296e-08
8 2 -5.3333328962322e-01
6 2 -7.1111155615906e-01
4 2 -2.4888882193300e+00
2 2  8.5333327293392e+00
9 2 -2.4835274461954e-10
10 2  4.4444445355067e-02
7 3 -1.1111114637716e+00
5 3 -5.3333336214219e-01
1 3 -7.1111066606315e-01
3 3  5.3333334068451e+00
8 3  9.4374025261246e-09
6 3  4.4444444444446e-01
4 3  1.9868206939909e-08
2 3 -1.3907748293296e-08
9 3  1.1111113698116e-02
10 3 -2.4835269095153e-10
17 3  2.0000003650782e-01
15 3 -5.3333338797087e-01
13 3 -1.7777788506614e-01
11 3 -7.1111067401044e-01
18 3  1.1111111073857e-01
16 3 -4.4444444543787e-01
14 3  3.9736424983783e-09
12 3 -2.1855032311668e-08
19 3  3.7252903192786e-10
20 3  1.1111113698116e-02
21 3 -2.4835268650630e-10
1 4 -1.3907748324521e-08
7 4  9.4374026371469e-09
5 4  4.4444444444436e-01
3 4  1.9868206939909e-08
8 4 -8.8889159096469e-02
6 4 -5.3333330452438e-01
2 4 -2.4888882193300e+00
4 4  6.3999992648758e+00
9 4 -6.2088188756970e-11
10 4 -2.2222222801710e-02
17 4  1.1111111073856e-01
15 4 -4.4444444543777e-01
13 4  3.9736424983783e-09
11 4 -2.1855032228402e-08
18 4  1.3333334227401e-01
16 4 -5.3333329657709e-01
14 4  1.7777767048935e-01
12 4 -2.4888882352246e+00
19 4  3.3333334202568e-02
20 4 -6.2088184853842e-11
21 4 -2.2222222801710e-02
7 5 -8.8888618681098e-02
1 5 -2.4888895584475e+00
5 5  6.4000007351235e+00
3 5 -5.3333336214219e-01
8 5 -9.4374015269238e-09
6 5 -1.9868222550686e-08
4 5  4.4444444444436e-01
2 5  1.3907752349079e-08
9 5 -2.2222227272058e-02
10 5  6.2088169891852e-11
222 5  1.3333332439261e-01
220 5  1.7777788506604e-01
218 5 -5.3333337008948e-01
216 5 -2.4888895425530e+00
223 5  1.1111111148362e-01
221 5 -3.9736433171678e-09
219 5 -4.4444444345095e-01
217 5  2.1855040222007e-08
224 5  3.3333340908090e-02
225 5 -2.2222227272058e-02
226 5  6.2088174011821e-11
1 6  1.3907752418468e-08
7 6 -9.4374017489684e-09
5 6 -1.9868222550686e-08
3 6  4.4444444444446e-01
8 6 -1.1111107584501e+00
2 6 -7.1111155615906e-01
6 6  5.3333332598203e+00
4 6 -5.3333330452438e-01
9 6  2.4835273984905e-10
10 6  1.1111111338766e-02
222 6  1.1111111148363e-01
220 6 -3.9736433310456e-09
218 6 -4.4444444345105e-01
216 6  2.1855040222007e-08
223 6  1.9999996349214e-01
221 6 -1.7777767048945e-01
219 6 -5.3333327869570e-01
217 6 -7.1111154821177e-01
224 6 -3.7252912213348e-10
225 6  2.4835274548690e-10
226 6  1.1111111338765e-02
1 7 -5.3333337704335e-01
7 7  3.7333335836722e+00
5 7 -8.8888618681098e-02
3 7 -1.1111114637716e+00
8 7 -6.3560268159790e-15
6 7 -9.4374017489684e-09
4 7  9.4374026371469e-09
2 7 -4.4444444444441e-01
9 7 -5.5555569111462e-03
10 7 -8.3333352891097e-03
17 7 -2.2222230045333e-01
15 7 -8.8888622654742e-02
13 7  2.0000002533195e-01
11 7 -5.3333335320149e-01
18 7  3.2285849133062e-09
16 7 -1.3411043664480e-08
14 7 -1.1111111148362e-01
12 7  4.4444444345100e-01
19 7 -8.3333351338893e-03
20 7 -5.5555567248817e-03
21 7  8.3333351649334e-03
237 7 -8.3333352891097e-03
222 7  2.2222287414726e-02
220 7  1.3333332439261e-01
218 7 -1.1111114558243e+00
216 7 -5.3333336512242e-01
223 7 -3.2285848300395e-09
221 7 -1.1111111073857e-01
219 7  1.3411046717593e-08
217 7  4.4444444543782e-01
224 7  8.3333351338893e-03
225 7 -5.5555567248817e-03
226 7  8.3333351649334e-03
233 7 -3.3333336375643e-02
231 7  1.3333332737285e-01
229 7  2.0000003427264e-01
227 7 -5.3333338101700e-01
234 7 -2.7777777777772e-02
232 7  1.1111111198034e-01
230 7  1.1111111024185e-01
228 7 -4.4444444444441e-01
235 7  8.3333353201538e-03
236 7 -5.5555569111462e-03
1 8 -4.4444444444441e-01
7 8 -6.3560268159790e-15
5 8 -9.4374015269238e-09
3 8  9.4374025261246e-09
2 8 -5.3333328962322e-01
8 8  3.7333330829932e+00
6 8 -1.1111107584501e+00
4 8 -8.8889159096469e-02
9 8 -8.3333334885528e-03
10 8 -5.5555556072946e-03
237 8 -5.5555556072946e-03
17 8  3.2285848577951e-09
15 8 -1.3411043664480e-08
13 8 -1.1111111148363e-01
11 8  4.4444444345100e-01
18 8  2.2222157029584e-02
16 8 -1.1111107663974e+00
14 8  1.3333334227401e-01
12 8 -5.3333330154415e-01
19 8  8.3333336437732e-03
20 8  8.3333336127291e-03
21 8 -5.5555557935592e-03
236 8 -8.3333334885528e-03
220 8 -1.1111111073856e-01
218 8  1.3411046662082e-08
216 8  4.4444444543782e-01
222 8 -3.2285848300395e-09
221 8  1.9999997466801e-01
219 8 -8.8889155122827e-02
217 8 -5.3333331346507e-01
224 8 -8.3333336437732e-03
225 8  8.3333336127291e-03
226 8 -5.5555557935592e-03
223 8 -2.2222214399116e-01
235 8  8.3333334575087e-03
228 8 -5.3333328564957e-01
227 8 -4.4444444444441e-01
231 8  1.1111111198032e-01
229 8  1.1111111024187e-01
233 8 -2.7777777777772e-02
234 8 -3.3333330291002e-02
232 8  1.9999996572731e-01
230 8  1.3333333929377e-01
1 9  4.4444454792469e-02
7 9 -5.5555569111462e-03
5 9 -2.2222227272058e-02
3 9  1.1111113698116e-02
2 9 -2.4835274461954e-10
8 9 -8.3333334885528e-03
6 9  2.4835273984905e-10
4 9 -6.2088188756970e-11
1 10  2.4835268693998e-10
7 10 -8.3333352891097e-03
5 10  6.2088169891852e-11
3 10 -2.4835269095153e-10
2 10  4.4444445355067e-02
8 10 -5.5555556072946e-03
6 10  1.1111111338766e-02
4 10 -2.2222222801710e-02
3 11 -7.1111067401044e-01
7 11 -5.3333335320149e-01
8 11  4.4444444345100e-01
4 11 -2.1855032228402e-08
15 11 -2.4888895226847e+00
17 11 -5.3333339492474e-01
13 11 -7.1111068990501e-01
16 11  1.7881394268060e-08
11 11  8.5333339055374e+00
18 11 -4.4444444643123e-01
14 11 -2.9802316538208e-08
12 11  3.1789129967264e-08
19 11 -2.6020852139652e-18
20 11  4.4444454792469e-02
21 11  7.4505806385572e-10
3 12 -2.1855032311668e-08
7 12  4.4444444345100e-01
8 12 -5.3333330154415e-01
4 12 -2.4888882352246e+00
15 12  1.7881394181324e-08
17 12 -4.4444444643123e-01
16 12 -7.1111153231719e-01
13 12 -2.9802316441063e-08
11 12  3.1789129967264e-08
18 12 -5.3333330154414e-01
14 12 -2.4888882550928e+00
12 12  8.5333327611284e+00
19 12  1.7347234759768e-18
20 12 -2.4835274375218e-10
21 12  4.4444445851773e-02
3 13 -1.7777788506614e-01
7 13  2.0000002533195e-01
8 13 -1.1111111148363e-01
4 13  3.9736424983783e-09
15 13 -5.3333334028715e-01
17 13 -1.1111104548801e+00
16 13  4.4444444245764e-01
13 13  5.3333331965743e+00
11 13 -7.1111068990501e-01
18 13  1.0803340333432e-08
14 13  3.0795743916762e-08
12 13 -2.9802316441063e-08
19 13 -7.4505806971041e-10
20 13  1.1111113698116e-02
21 13 -4.9670538081886e-10
26 13 -5.3333317140748e-01
28 13  1.9999984726310e-01
24 13 -1.7777726021065e-01
22 13 -7.1111317343305e-01
27 13 -4.4444444461003e-01
25 13  3.3113531708317e-10
23 13 -1.5232308719915e-08
30 13  7.4505809161129e-10
31 13  1.1111100804472e-02
32 13 -4.9670539643137e-10
29 13  1.1111111028326e-01
3 14  3.9736424983783e-09
7 14 -1.1111111148362e-01
8 14  1.3333334227401e-01
4 14  1.7777767048935e-01
15 14  4.4444444245754e-01
17 14  1.0803340333432e-08
16 14 -5.3333329657709e-01
13 14  3.0795743916762e-08
11 14 -2.9802316538208e-08
18 14 -8.8888386057104e-02
26 14 -4.4444444460993e-01
14 14  6.4000013675973e+00
12 14 -2.4888882550928e+00
19 14 -3.3333334575097e-02
20 14 -6.2088183878060e-11
21 14 -2.2222223050063e-02
28 14  1.1111111028325e-01
24 14  3.3113531361373e-10
22 14 -1.5232308719915e-08
27 14 -5.3333349227930e-01
29 14  1.3333328564963e-01
25 14  1.7777829534500e-01
23 14 -2.4888919843591e+00
30 14  3.3333334575097e-02
31 14 -6.2088113730180e-11
32 14 -2.2222223050063e-02
3 15 -5.3333338797087e-01
7 15 -8.8888622654742e-02
8 15 -1.3411043664480e-08
4 15 -4.4444444543777e-01
237 15  1.8626452160178e-10
17 15 -8.8888633582262e-02
15 15  6.4000006953870e+00
13 15 -5.3333334028715e-01
11 15 -2.4888895226847e+00
236 15 -2.2222227272058e-02
16 15 -3.9736535225460e-09
14 15  4.4444444245754e-01
12 15  1.7881394181324e-08
19 15 -3.3333340908090e-02
20 15 -2.2222227272058e-02
21 15  1.8626451357869e-10
235 15  3.3333340908090e-02
218 15 -5.3333335618173e-01
18 15 -1.7384685357946e-08
228 15  2.5828681804452e-08
219 15  4.4444444444436e-01
222 15  1.3333332240579e-01
223 15 -1.1111111024185e-01
227 15 -2.4888895067902e+00
231 15  1.7777787910557e-01
229 15 -5.3333338797087e-01
233 15  1.3333332985637e-01
232 15 -5.9604643998234e-09
230 15 -4.4444444543777e-01
234 15  1.1111111247703e-01
3 16 -4.4444444543787e-01
7 16 -1.3411043664480e-08
8 16 -1.1111107663974e+00
4 16 -5.3333329657709e-01
237 16  1.1111111462942e-02
15 16 -3.9736535225460e-09
17 16 -1.7384685302435e-08
13 16  4.4444444245764e-01
11 16  1.7881394268060e-08
18 16 -1.1111107778216e+00
16 16  5.3333332637940e+00
14 16 -5.3333329657709e-01
12 16 -7.1111153231719e-01
19 16  3.7252911107462e-10
20 16  2.4835273800591e-10
21 16  1.1111111462942e-02
228 16 -7.1111152436991e-01
218 16  4.4444444444446e-01
236 16  2.4835274028273e-10
219 16 -5.3333331048484e-01
235 16 -3.7252910999042e-10
222 16 -1.1111111024187e-01
223 16  1.9999997441965e-01
227 16  2.5828681804452e-08
231 16 -5.9604643928846e-09
229 16 -4.4444444543787e-01
233 16  1.1111111247704e-01
230 16 -5.3333329061663e-01
234 16  1.9999996771413e-01
232 16 -1.7777767644991e-01
3 17  2.0000003650782e-01
7 17 -2.2222230045333e-01
4 17  1.1111111073856e-01
8 17  3.2285848577951e-09
237 17  8.3333351028452e-03
15 17 -8.8888633582262e-02
16 17 -1.7384685302435e-08
236 17 -5.5555566317494e-03
218 17  2.0000002558030e-01
17 17  3.7333328674236e+00
13 17 -1.1111104548801e+00
11 17 -5.3333339492474e-01
14 17  1.0803340333432e-08
235 17  8.3333350407570e-03
228 17  4.4444444345100e-01
12 17 -4.4444444643123e-01
19 17 -8.3333354132861e-03
20 17 -5.5555570042785e-03
21 17 -8.3333353511979e-03
18 17  5.4637681601299e-09
248 17 -8.3333259448399e-03
26 17 -8.8890142573730e-02
24 17  1.9999985429976e-01
22 17 -5.3333315319495e-01
219 17 -1.1111111198032e-01
27 17 -1.0099678593445e-08
25 17 -1.1111111193893e-01
23 17  4.4444444427884e-01
30 17 -8.3333256343990e-03
31 17 -5.5555503608441e-03
32 17  8.3333256964872e-03
247 17 -5.5555507333731e-03
222 17 -3.3333334512997e-02
28 17 -2.2222184447774e-01
29 17  1.4073299886563e-09
223 17  2.7777777777772e-02
227 17 -5.3333334326739e-01
246 17  8.3333260069281e-03
231 17  1.3333331992227e-01
233 17  2.2222100839714e-02
229 17 -1.1111104694501e+00
239 17 -4.4444444361657e-01
232 17 -1.1111110974516e-01
243 17  1.1111111156642e-01
230 17  1.4776981638320e-08
238 17 -5.3333317571226e-01
241 17  1.1111110978654e-01
234 17 -3.9115546496271e-09
242 17  1.3333337455993e-01
245 17 -2.7777777550116e-02
240 17  1.9999985065725e-01
244 17 -3.3333321784932e-02
3 18  1.1111111073857e-01
7 18  3.2285849133062e-09
8 18  2.2222157029584e-02
4 18  1.3333334227401e-01
237 18 -5.5555558556473e-03
15 18 -1.7384685357946e-08
17 18  5.4637681601299e-09
13 18  1.0803340333432e-08
236 18  8.3333337058614e-03
248 18 -5.5555556693829e-03
218 18 -1.1111111198034e-01
11 18 -4.4444444643123e-01
16 18 -1.1111107778216e+00
18 18  3.7333337992434e+00
14 18 -8.8888386057104e-02
12 18 -5.3333330154414e-01
19 18 -8.3333335506409e-03
20 18 -8.3333335816850e-03
21 18 -5.5555556693828e-03
235 18 -8.3333337369055e-03
228 18 -5.3333330551779e-01
26 18 -1.0099678704467e-08
24 18 -1.1111111193894e-01
22 18  4.4444444427884e-01
247 18 -8.3333335816851e-03
219 18  1.3333334426083e-01
27 18 -1.1111127422925e+00
25 18  1.3333329475590e-01
23 18 -5.3333350552478e-01
30 18  8.3333337369054e-03
31 18  8.3333337058614e-03
222 18  2.7777777777772e-02
223 18 -3.3333332153647e-02
227 18  4.4444444345100e-01
28 18  1.4073300164119e-09
231 18 -1.1111110974515e-01
32 18 -5.5555558556472e-03
229 18  1.4776981804854e-08
246 18  8.3333335506411e-03
29 18  2.2222537009329e-02
233 18 -3.9115546912605e-09
239 18 -5.3333348698111e-01
243 18  2.0000013709080e-01
241 18  1.3333328548407e-01
230 18 -8.8888393342116e-02
238 18 -4.4444444361657e-01
234 18 -2.2222236788122e-01
232 18  1.9999997392295e-01
245 18 -3.3333341466891e-02
242 18  1.1111111156640e-01
240 18  1.1111110978656e-01
244 18 -2.7777777550116e-02
3 19  3.7252903192786e-10
7 19 -8.3333351338893e-03
8 19  8.3333336437732e-03
4 19  3.3333334202568e-02
15 19 -3.3333340908090e-02
17 19 -8.3333354132861e-03
16 19  3.7252911107462e-10
13 19 -7.4505806971041e-10
11 19 -2.6020852139652e-18
18 19 -8.3333335506409e-03
14 19 -3.3333334575097e-02
12 19  1.7347234759768e-18
3 20  1.1111113698116e-02
7 20 -5.5555567248817e-03
8 20  8.3333336127291e-03
4 20 -6.2088184853842e-11
15 20 -2.2222227272058e-02
17 20 -5.5555570042785e-03
16 20  2.4835273800591e-10
13 20  1.1111113698116e-02
11 20  4.4444454792469e-02
18 20 -8.3333335816850e-03
14 20 -6.2088183878060e-11
12 20 -2.4835274375218e-10
3 21 -2.4835268650630e-10
7 21  8.3333351649334e-03
8 21 -5.5555557935592e-03
4 21 -2.2222222801710e-02
15 21  1.8626451357869e-10
17 21 -8.3333353511979e-03
16 21  1.1111111462942e-02
13 21 -4.9670538081886e-10
11 21  7.4505806385572e-10
18 21 -5.5555556693828e-03
14 21 -2.2222223050063e-02
12 21  4.4444445851773e-02
17 22 -5.3333315319495e-01
18 22  4.4444444427884e-01
13 22 -7.1111317343305e-01
14 22 -1.5232308719915e-08
26 22 -2.4888858298457e+00
24 22 -7.1111318932761e-01
28 22 -5.3333312206809e-01
27 22  1.0596368515276e-08
22 22  8.5333305729782e+00
25 22  2.1855060549497e-08
23 22 -2.6490947588331e-08
30 22  9.5409791178724e-18
29 22 -4.4444443997406e-01
31 22  4.4444403217895e-02
32 22 -1.6556846171856e-10
17 23  4.4444444427884e-01
18 23 -5.3333350552478e-01
13 23 -1.5232308719915e-08
14 23 -2.4888919843591e+00
26 23  1.0596368536092e-08
28 23 -4.4444443997406e-01
27 23 -7.1110907792988e-01
24 23  2.1855060584192e-08
22 23 -2.6490947588331e-08
29 23 -5.3333346909972e-01
25 23 -2.4888920042274e+00
23 23  8.5333360936953e+00
30 23 -2.6020852139652e-18
31 23 -2.4835245752281e-10
32 23  4.4444446348478e-02
17 24  1.9999985429976e-01
18 24 -1.1111111193894e-01
13 24 -1.7777726021065e-01
26 24 -5.3333319657390e-01
14 24  3.3113531361373e-10
27 24  4.4444444891481e-01
28 24 -1.1111104329423e+00
24 24  5.3333331922695e+00
22 24 -7.1111318932761e-01
25 24 -6.4240572958396e-08
23 24  2.1855060584192e-08
30 24  9.9341075578303e-10
29 24 -1.0761991298125e-09
31 24  1.1111100804472e-02
32 24  6.6227384080270e-10
35 24 -1.7777787215180e-01
33 24 -7.1111072566777e-01
37 24 -5.3333331247166e-01
36 24 -2.9802311625471e-09
34 24  3.5100504627850e-08
38 24 -4.4444443831843e-01
41 24 -9.9341077378079e-10
42 24  1.1111113677420e-02
43 24  6.6227385121104e-10
39 24  2.0000001523227e-01
40 24  1.1111110986934e-01
17 25 -1.1111111193893e-01
18 25  1.3333329475590e-01
13 25  3.3113531708317e-10
14 25  1.7777829534500e-01
26 25  4.4444444891471e-01
28 25 -1.0761990743013e-09
27 25 -5.3333352870437e-01
24 25 -6.4240572958396e-08
22 25  2.1855060549497e-08
29 25 -8.8888369003565e-02
23 25 -2.4888920042274e+00
25 25  6.4000014106451e+00
30 25 -3.3333334947625e-02
31 25 -6.2088118392249e-11
32 25 -2.2222223298415e-02
37 25 -4.4444443831832e-01
39 25  1.1111110986933e-01
35 25 -2.9802311660165e-09
33 25  3.5100504586216e-08
38 25 -5.3333326578136e-01
40 25  1.3333333250547e-01
36 25  1.7777768340368e-01
34 25 -2.4888883127106e+00
41 25  3.3333334947625e-02
42 25 -6.2088183552800e-11
43 25 -2.2222223298415e-02
17 26 -8.8890142573730e-02
18 26 -1.0099678704467e-08
13 26 -5.3333317140748e-01
248 26 -4.1392108924426e-11
247 26 -2.2222202188437e-02
14 26 -4.4444444460993e-01
26 26  6.3999966422726e+00
229 26 -5.3333316743384e-01
28 26 -8.8890153501234e-02
27 26 -3.3113670363030e-08
24 26 -5.3333319657390e-01
22 26 -2.4888858298457e+00
246 26  3.3333303282658e-02
25 26  4.4444444891471e-01
23 26  1.0596368536092e-08
30 26 -3.3333303282658e-02
239 26  1.8543647894997e-08
29 26  8.4440054948232e-09
31 26 -2.2222202188437e-02
32 26 -4.1392119874868e-11
233 26  1.3333337373209e-01
243 26 -2.3179549946128e-09
230 26  4.4444444527220e-01
241 26 -4.4444443898060e-01
238 26 -2.4888859040204e+00
234 26 -1.1111111065578e-01
245 26  1.1111110924844e-01
242 26  1.7777728802606e-01
240 26 -5.3333312637287e-01
244 26  1.3333336297014e-01
17 27 -1.0099678593445e-08
18 27 -1.1111127422925e+00
13 27 -4.4444444461003e-01
248 27  1.1111111587118e-02
14 27 -5.3333349227930e-01
229 27  4.4444444527230e-01
26 27 -3.3113670363030e-08
247 27  2.4835246099225e-10
28 27  8.4440054948232e-09
246 27 -3.7252869539150e-10
27 27  5.3333336691080e+00
24 27  4.4444444891481e-01
22 27  1.0596368515276e-08
29 27 -1.1111127537167e+00
25 27 -5.3333352870437e-01
23 27 -7.1110907792988e-01
30 27  3.7252868866945e-10
233 27 -1.1111111065579e-01
31 27  2.4835246034173e-10
239 27 -7.1110911501721e-01
32 27  1.1111111587118e-02
243 27 -1.7777826752957e-01
230 27 -5.3333352009480e-01
241 27 -5.3333346380153e-01
234 27  2.0000014785275e-01
245 27  2.0000013204096e-01
238 27  1.8543647867242e-08
242 27 -2.3179549772656e-09
240 27 -4.4444443898070e-01
244 27  1.1111110924846e-01
17 28 -2.2222184447774e-01
248 28  8.3333259862320e-03
18 28  1.4073300164119e-09
13 28  1.9999984726310e-01
14 28  1.1111111028325e-01
247 28 -5.5555507954613e-03
26 28 -8.8890153501234e-02
24 28 -1.1111104329423e+00
246 28  8.3333260690162e-03
27 28  8.4440054948232e-09
229 28  1.9999986017744e-01
22 28 -5.3333312206809e-01
28 28  3.7333328511979e+00
25 28 -1.0761990743013e-09
23 28 -4.4444443997406e-01
30 28 -8.3333255723109e-03
239 28  4.4444444990817e-01
29 28 -4.2054389221002e-08
31 28 -5.5555502987559e-03
32 28 -8.3333256550951e-03
233 28 -3.3333324475419e-02
243 28 -1.1111111297375e-01
230 28 -1.1111111243564e-01
238 28 -5.3333321081278e-01
241 28  2.8974431187656e-09
35 28  2.0000003882577e-01
33 28 -5.3333342009115e-01
259 28 -8.3333350304090e-03
234 28  2.7777778005429e-02
36 28 -1.1111111235285e-01
34 28  4.4444445057044e-01
41 28 -8.3333354443302e-03
42 28 -5.5555570456706e-03
43 28  8.3333353615459e-03
37 28 -8.8888657424109e-02
245 28  2.0282149987283e-09
258 28 -5.5555565489652e-03
38 28  1.5066724423640e-08
242 28  1.3333338532188e-01
39 28 -2.2222229002252e-01
240 28 -1.1111104461878e+00
244 28  2.2222096183104e-02
40 28 -2.4835206113849e-10
257 28  8.3333349476248e-03
250 28 -4.4444443732497e-01
249 28 -5.3333330485551e-01
254 28  1.1111110842062e-01
252 28  1.1111110937262e-01
251 28  2.0000001266596e-01
256 28 -2.7777777343155e-02
253 28  1.3333331081600e-01
255 28 -3.3333331719030e-02
17 29  1.4073299886563e-09
18 29  2.2222537009329e-02
13 29  1.1111111028326e-01
248 29 -5.5555559177353e-03
14 29  1.3333328564963e-01
247 29  8.3333337989935e-03
26 29  8.4440054948232e-09
229 29 -1.1111111243565e-01
24 29 -1.0761991298125e-09
22 29 -4.4444443997406e-01
28 29 -4.2054389221002e-08
27 29 -1.1111127537167e+00
246 29 -8.3333338300376e-03
25 29 -8.8888369003565e-02
23 29 -5.3333346909972e-01
30 29 -8.3333336437732e-03
29 29  3.7333338154691e+00
31 29 -8.3333336748173e-03
239 29 -5.3333354327439e-01
233 29  2.7777778005429e-02
32 29 -5.5555557314710e-03
243 29  2.0000015439270e-01
230 29  1.3333329955738e-01
241 29 -8.8888375626301e-02
234 29 -3.3333345606102e-02
238 29  4.4444444990817e-01
35 29 -1.1111111235287e-01
259 29 -5.5555557314709e-03
245 29 -2.2222237346915e-01
33 29  4.4444445057044e-01
36 29  1.3333334989015e-01
34 29 -5.3333334194284e-01
41 29  8.3333338300377e-03
42 29  8.3333337989936e-03
242 29 -1.1111111297373e-01
258 29 -8.3333336748172e-03
240 29  2.8974430632545e-09
43 29 -5.5555559177355e-03
37 29  1.5066724368129e-08
38 29 -1.1111108115975e+00
39 29 -2.4835204726070e-10
257 29  8.3333336437731e-03
40 29  2.2222165721925e-02
244 29  2.0282150126061e-09
250 29 -5.3333325452270e-01
254 29  1.9999996117418e-01
249 29 -4.4444443732497e-01
252 29  1.3333332935967e-01
256 29 -3.3333328428357e-02
253 29  1.1111110842060e-01
251 29  1.1111110937263e-01
255 29 -2.7777777343155e-02
17 30 -8.3333256343990e-03
18 30  8.3333337369054e-03
13 30  7.4505809161129e-10
14 30  3.3333334575097e-02
26 30 -3.3333303282658e-02
28 30 -8.3333255723109e-03
27 30  3.7252868866945e-10
24 30  9.9341075578303e-10
22 30  9.5409791178724e-18
29 30 -8.3333336437732e-03
23 30 -2.6020852139652e-18
25 30 -3.3333334947625e-02
17 31 -5.5555503608441e-03
18 31  8.3333337058614e-03
13 31  1.1111100804472e-02
14 31 -6.2088113730180e-11
26 31 -2.2222202188437e-02
27 31  2.4835246034173e-10
28 31 -5.5555502987559e-03
24 31  1.1111100804472e-02
22 31  4.4444403217895e-02
29 31 -8.3333336748173e-03
23 31 -2.4835245752281e-10
25 31 -6.2088118392249e-11
17 32  8.3333256964872e-03
18 32 -5.5555558556472e-03
13 32 -4.9670539643137e-10
14 32 -2.2222223050063e-02
26 32 -4.1392119874868e-11
27 32  1.1111111587118e-02
28 32 -8.3333256550951e-03
24 32  6.6227384080270e-10
22 32 -1.6556846171856e-10
29 32 -5.5555557314710e-03
23 32  4.4444446348478e-02
25 32 -2.2222223298415e-02
28 33 -5.3333342009115e-01
29 33  4.4444445057044e-01
24 33 -7.1111072566777e-01
25 33  3.5100504586216e-08
37 33 -2.4888894418873e+00
35 33 -7.1111074156235e-01
39 33 -5.3333332273690e-01
38 33  3.9736464466089e-09
33 33  8.5333338366609e+00
36 33  2.4504125319125e-08
34 33 -7.9472848357742e-08
40 33 -4.4444443964292e-01
41 33 -1.3010426069826e-17
42 33  4.4444454709685e-02
43 33 -9.9341075816828e-10
28 34  4.4444445057044e-01
29 34 -5.3333334194284e-01
24 34  3.5100504627850e-08
25 34 -2.4888883127106e+00
37 34  3.9736464570172e-09
39 34 -4.4444443964292e-01
38 34 -7.1111147801075e-01
35 34  2.4504125333002e-08
33 34 -7.9472848357742e-08
40 34 -5.3333327240409e-01
36 34 -2.4888883325788e+00
34 34  8.5333328300048e+00
41 34 -6.9388939039072e-18
42 34 -2.4835274158377e-10
43 34  4.4444446845183e-02
28 35  2.0000003882577e-01
29 35 -1.1111111235287e-01
24 35 -1.7777787215180e-01
25 35 -2.9802311660165e-09
37 35 -5.3333340386544e-01
38 35  4.4444444924595e-01
39 35 -1.1111114005245e+00
35 35  5.3333333942619e+00
33 35 -7.1111074156235e-01
40 35  1.3245489149938e-09
36 35 -4.5034612886075e-08
34 35  2.4504125333002e-08
41 35  4.9670537322945e-10
42 35  1.1111113677420e-02
43 35  3.3113691530560e-10
46 35 -1.7777786619134e-01
48 35 -5.3333333697578e-01
44 35 -7.1111074950964e-01
47 35 -3.3113633016169e-10
45 35  1.3907746260200e-08
49 35 -4.4444444096752e-01
52 35 -4.9670537474733e-10
53 35  1.1111113677420e-02
54 35  3.3113691476350e-10
50 35  2.0000002011654e-01
51 35  1.1111111020047e-01
28 36 -1.1111111235285e-01
29 36  1.3333334989015e-01
24 36 -2.9802311625471e-09
25 36  1.7777768340368e-01
37 36  4.4444444924584e-01
39 36  1.3245490260161e-09
38 36 -5.3333333532011e-01
35 36 -4.5034612886075e-08
33 36  2.4504125319125e-08
40 36 -8.8889110088212e-02
34 36 -2.4888883325788e+00
36 36  6.3999993907077e+00
41 36 -3.3333335320155e-02
42 36 -6.2088190708534e-11
43 36 -2.2222223546768e-02
48 36 -4.4444444096742e-01
50 36  1.1111111020046e-01
46 36 -3.3113635444781e-10
44 36  1.3907746232444e-08
49 36 -5.3333328101365e-01
51 36  1.3333333532013e-01
47 36  1.7777768936415e-01
45 36 -2.4888883484734e+00
52 36  3.3333335320155e-02
53 36 -6.2088180083353e-11
54 36 -2.2222223546768e-02
28 37 -8.8888657424109e-02
29 37  1.5066724368129e-08
241 37  4.4444445156380e-01
24 37 -5.3333331247166e-01
245 37 -1.1111111380158e-01
240 37 -5.3333342240910e-01
25 37 -4.4444443831832e-01
259 37 -2.4835265137815e-10
37 37  6.4000006026687e+00
258 37 -2.2222227189274e-02
38 37 -5.9604641824626e-08
39 37 -8.8888668351625e-02
35 37 -5.3333340386544e-01
33 37 -2.4888894418873e+00
250 37  1.1920934600562e-08
36 37  4.4444444924584e-01
34 37  3.9736464570172e-09
41 37 -3.3333340783914e-02
42 37 -2.2222227189274e-02
257 37  3.3333340783914e-02
244 37  1.3333334144616e-01
40 37  9.7685357025590e-09
43 37 -2.4835269398730e-10
254 37  9.9340934783809e-10
249 37 -2.4888894206946e+00
252 37 -4.4444443864946e-01
256 37  1.1111110908288e-01
253 37  1.7777786420441e-01
251 37 -5.3333331512075e-01
255 37  1.3333331412737e-01
28 38  1.5066724423640e-08
241 38 -5.3333335055240e-01
29 38 -1.1111108115975e+00
24 38 -4.4444443831843e-01
245 38  1.9999998766513e-01
240 38  4.4444445156390e-01
25 38 -5.3333326578136e-01
259 38  1.1111111711295e-02
37 38 -5.9604641824626e-08
39 38  9.7685357025590e-09
258 38  2.4835274895635e-10
35 38  4.4444444924595e-01
38 38  5.3333332730658e+00
33 38  3.9736464466089e-09
40 38 -1.1111108230218e+00
36 38 -5.3333333532011e-01
34 38 -7.1111147801075e-01
250 38 -7.1111146741438e-01
41 38  3.7252911844719e-10
42 38  2.4835274722162e-10
244 38 -1.1111111380159e-01
43 38  1.1111111711295e-02
257 38 -3.7252912039876e-10
254 38 -1.7777769135107e-01
252 38 -5.3333326114544e-01
249 38  1.1920934517295e-08
256 38  1.9999996357492e-01
253 38  9.9340936865477e-10
251 38 -4.4444443864957e-01
255 38  1.1111110908289e-01
28 39 -2.2222229002252e-01
29 39 -2.4835204726070e-10
241 39 -1.1111111284956e-01
24 39  2.0000001523227e-01
259 39  8.3333352787617e-03
245 39  2.7777778212390e-02
240 39  2.0000003874299e-01
25 39  1.1111110986933e-01
37 39 -8.8888668351625e-02
35 39 -1.1111114005245e+00
38 39  9.7685357025590e-09
258 39 -5.5555569214942e-03
33 39 -5.3333332273690e-01
257 39  8.3333353201538e-03
39 39  3.7333335373130e+00
36 39  1.3245490260161e-09
34 39 -4.4444443964292e-01
250 39  4.4444445023930e-01
41 39 -8.3333350718011e-03
40 39 -3.2451416220880e-08
42 39 -5.5555566731415e-03
43 39 -8.3333351131932e-03
244 39 -3.3333338548728e-02
249 39 -5.3333340618340e-01
254 39 -1.1111111313932e-01
252 39  5.2981931064622e-09
270 39 -8.3333351131933e-03
46 39  2.0000003046457e-01
44 39 -5.3333339161337e-01
253 39  1.3333333813480e-01
48 39 -8.8888672325270e-02
47 39 -1.1111111202172e-01
45 39  4.4444444792135e-01
52 39 -8.3333353201538e-03
53 39 -5.5555569214942e-03
54 39  8.3333352787617e-03
256 39  8.2784168409233e-10
269 39 -5.5555566731415e-03
49 39  4.4703467039220e-09
50 39 -2.2222228555217e-01
251 39 -1.1111113899281e+00
51 39  1.0761955770988e-09
255 39  2.2222274376211e-02
268 39  8.3333350718011e-03
261 39 -4.4444443997406e-01
265 39  1.1111110974516e-01
260 39 -5.3333332935963e-01
263 39  1.1111110970376e-01
262 39  2.0000001755023e-01
267 39 -2.7777777508724e-02
264 39  1.3333331793544e-01
266 39 -3.3333333250538e-02
28 40 -2.4835206113849e-10
241 40  1.3333335171141e-01
29 40  2.2222165721925e-02
24 40  1.1111110986934e-01
245 40 -3.3333334637174e-02
240 40 -1.1111111284957e-01
25 40  1.3333333250547e-01
259 40 -5.5555559798236e-03
258 40  8.3333338921259e-03
37 40  9.7685357025590e-09
35 40  1.3245489149938e-09
39 40 -3.2451416220880e-08
33 40 -4.4444443964292e-01
38 40 -1.1111108230218e+00
250 40 -5.3333334392966e-01
257 40 -8.3333339231700e-03
36 40 -8.8889110088212e-02
34 40 -5.3333327240409e-01
40 40  3.7333331293524e+00
41 40 -8.3333337369054e-03
42 40 -8.3333337679495e-03
244 40  2.7777778212390e-02
43 40 -5.5555557935591e-03
254 40  1.9999998675450e-01
252 40 -8.8889104790026e-02
270 40 -5.5555557935591e-03
249 40  4.4444445023930e-01
46 40 -1.1111111202173e-01
44 40  4.4444444792135e-01
256 40 -2.2222215963737e-01
253 40 -1.1111111313930e-01
269 40 -8.3333337679495e-03
47 40  1.3333334608208e-01
45 40 -5.3333333068419e-01
52 40  8.3333339231700e-03
53 40  8.3333338921259e-03
251 40  5.2981932174845e-09
54 40 -5.5555559798236e-03
48 40  4.4703468149443e-09
49 40 -1.1111108309691e+00
50 40  1.0761955354654e-09
268 40  8.3333337369054e-03
51 40  2.2222169447216e-02
255 40  8.2784164245897e-10
265 40  1.9999996622401e-01
261 40 -5.3333326975500e-01
260 40 -4.4444443997406e-01
263 40  1.3333333217433e-01
267 40 -3.3333329380375e-02
264 40  1.1111110974515e-01
262 40  1.1111110970377e-01
266 40 -2.7777777508724e-02
28 41 -8.3333354443302e-03
29 41  8.3333338300377e-03
24 41 -9.9341077378079e-10
25 41  3.3333334947625e-02
37 41 -3.3333340783914e-02
39 41 -8.3333350718011e-03
38 41  3.7252911844719e-10
35 41  4.9670537322945e-10
33 41 -1.3010426069826e-17
40 41 -8.3333337369054e-03
34 41 -6.9388939039072e-18
36 41 -3.3333335320155e-02
28 42 -5.5555570456706e-03
29 42  8.3333337989936e-03
24 42  1.1111113677420e-02
25 42 -6.2088183552800e-11
37 42 -2.2222227189274e-02
39 42 -5.5555566731415e-03
38 42  2.4835274722162e-10
35 42  1.1111113677420e-02
33 42  4.4444454709685e-02
40 42 -8.3333337679495e-03
34 42 -2.4835274158377e-10
36 42 -6.2088190708534e-11
28 43  8.3333353615459e-03
29 43 -5.5555559177355e-03
24 43  6.6227385121104e-10
25 43 -2.2222223298415e-02
37 43 -2.4835269398730e-10
38 43  1.1111111711295e-02
39 43 -8.3333351131932e-03
35 43  3.3113691530560e-10
33 43 -9.9341075816828e-10
40 43 -5.5555557935591e-03
34 43  4.4444446845183e-02
36 43 -2.2222223546768e-02
39 44 -5.3333339161337e-01
40 44  4.4444444792135e-01
35 44 -7.1111074950964e-01
36 44  1.3907746232444e-08
48 44 -2.4888894061245e+00
46 44 -7.1111076540420e-01
50 44 -5.3333334724102e-01
49 44  9.2718355840238e-09
44 44  8.5333338048717e+00
47 44  3.3113670382112e-09
45 44 -3.7087331677954e-08
52 44  3.4694469519536e-18
51 44 -4.4444444229202e-01
53 44  4.4444454709685e-02
54 44 -3.3113690001835e-10
39 45  4.4444444792135e-01
40 45 -5.3333333068419e-01
35 45  1.3907746260200e-08
36 45 -2.4888883484734e+00
48 45  9.2718355562682e-09
50 45 -4.4444444229202e-01
49 45 -7.1111145416889e-01
46 45  3.3113670763751e-09
44 45 -3.7087331677954e-08
51 45 -5.3333328763639e-01
47 45 -2.4888883683416e+00
45 45  8.5333328617939e+00
52 45  1.7347234759768e-18
53 45 -2.4835274895635e-10
54 45  4.4444447341889e-02
39 46  2.0000003046457e-01
40 46 -1.1111111202173e-01
35 46 -1.7777786619134e-01
48 46 -5.3333337538767e-01
36 46 -3.3113635444781e-10
49 46  4.4444444659685e-01
50 46 -1.1111113914182e+00
46 46  5.3333333916128e+00
44 46 -7.1111076540420e-01
47 46 -1.1920929208174e-08
45 46  3.3113670763751e-09
52 46 -1.8214596497756e-17
51 46  5.4637599999907e-09
53 46  1.1111113677420e-02
54 46 -1.4311468676809e-17
57 46 -1.7777786420451e-01
55 46 -7.1111075745693e-01
59 46 -5.3333335618172e-01
58 46  9.9341087786420e-10
56 46 -1.9868216516450e-09
60 46 -4.4444444295434e-01
63 46 -3.4694469519536e-18
64 46  1.1111113760204e-02
65 46  3.4694469519536e-18
61 46  2.0000002334512e-01
62 46  1.1111111036604e-01
39 47 -1.1111111202172e-01
40 47  1.3333334608208e-01
35 47 -3.3113633016169e-10
36 47  1.7777768936415e-01
48 47  4.4444444659675e-01
50 47  5.4637599999907e-09
49 47 -5.3333332406145e-01
46 47 -1.1920929208174e-08
44 47  3.3113670382112e-09
51 47 -8.8889103796608e-02
45 47 -2.4888883683416e+00
47 47  6.3999994171987e+00
52 47 -3.3333335692684e-02
53 47 -6.2088187130667e-11
54 47 -2.2222223795121e-02
59 47 -4.4444444295424e-01
61 47  1.1111111036603e-01
57 47  9.9341083970028e-10
55 47 -1.9868215683783e-09
62 47  1.3333333681025e-01
60 47 -5.3333328962321e-01
58 47  1.7777769135097e-01
56 47 -2.4888883603943e+00
63 47  3.3333335692684e-02
64 47 -6.2088183119119e-11
65 47 -2.2222223795121e-02
39 48 -8.8888672325270e-02
40 48  4.4703468149443e-09
252 48  4.4444444891471e-01
35 48 -5.3333333697578e-01
256 48 -1.1111111247703e-01
251 48 -5.3333339393133e-01
270 48 -8.2784222185661e-11
36 48 -4.4444444096742e-01
48 48  6.4000005629322e+00
269 48 -2.2222227189274e-02
49 48 -3.8411885038177e-08
50 48 -8.8888683252786e-02
46 48 -5.3333337538767e-01
44 48 -2.4888894061245e+00
261 48  1.7219123765733e-08
47 48  4.4444444659675e-01
45 48  9.2718355562682e-09
52 48 -3.3333340783914e-02
268 48  3.3333340783914e-02
51 48 -8.2784384902723e-10
53 48 -2.2222227189274e-02
54 48 -8.2784261867461e-11
255 48  1.3333333532013e-01
265 48 -1.6556852971972e-09
260 48 -2.4888893849318e+00
263 48 -4.4444444129855e-01
267 48  1.1111111040742e-01
264 48  1.7777785824395e-01
262 48 -5.3333333962488e-01
266 48  1.3333332124681e-01
39 49  4.4703467039220e-09
252 49 -5.3333333929375e-01
40 49 -1.1111108309691e+00
35 49 -4.4444444096752e-01
256 49  1.9999998609223e-01
270 49  1.1111111835471e-02
36 49 -5.3333328101365e-01
251 49  4.4444444891481e-01
48 49 -3.8411885038177e-08
269 49  2.4835274201745e-10
50 49 -8.2784368249378e-10
261 49 -7.1111144357251e-01
49 49  5.3333332770394e+00
46 49  4.4444444659685e-01
44 49  9.2718355840238e-09
51 49 -1.1111108423933e+00
47 49 -5.3333332406145e-01
45 49 -7.1111145416889e-01
52 49  3.7252910868937e-10
53 49  2.4835273778907e-10
54 49  1.1111111835471e-02
255 49 -1.1111111247704e-01
268 49 -3.7252911345986e-10
265 49 -1.7777769731154e-01
263 49 -5.3333327637773e-01
260 49  1.7219123668588e-08
267 49  1.9999996862475e-01
264 49 -1.6556852555638e-09
262 49 -4.4444444129866e-01
266 49  1.1111111040744e-01
39 50 -2.2222228555217e-01
40 50  1.0761955354654e-09
252 50 -1.1111111251842e-01
35 50  2.0000002011654e-01
270 50  8.3333351959775e-03
256 50  2.7777778046821e-02
251 50  2.0000003038178e-01
36 50  1.1111111020046e-01
48 50 -8.8888683252786e-02
46 50 -1.1111113914182e+00
269 50 -5.5555567973179e-03
44 50 -5.3333334724102e-01
49 50 -8.2784368249378e-10
268 50  8.3333351959775e-03
50 50  3.7333335326771e+00
47 50  5.4637599999907e-09
45 50 -4.4444444229202e-01
261 50  4.4444444759021e-01
52 50 -8.3333351959775e-03
51 50 -1.5894574517672e-08
53 50 -5.5555567973179e-03
54 50 -8.3333351959775e-03
265 50 -1.1111111181477e-01
255 50 -3.3333336768867e-02
260 50 -5.3333337770562e-01
263 50  9.4374040804368e-09
281 50 -8.3333353201538e-03
57 50  2.0000002707041e-01
55 50 -5.3333337108288e-01
267 50 -1.2417637473838e-09
59 50 -8.8888667358224e-02
58 50 -1.1111111185615e-01
56 50  4.4444444593452e-01
63 50 -8.3333353201538e-03
64 50 -5.5555568801021e-03
65 50  8.3333353201538e-03
280 50 -5.5555568801021e-03
264 50  1.3333333200876e-01
60 50 -3.4769376267008e-09
262 50 -1.1111113861200e+00
61 50 -2.2222228704228e-01
62 50  1.7384689382505e-09
266 50  2.2222274376211e-02
279 50  8.3333353201538e-03
272 50 -4.4444444196088e-01
271 50 -5.3333335121467e-01
276 50  1.1111111073857e-01
274 50  1.1111110986933e-01
273 50  2.0000002210336e-01
275 50  1.3333332240579e-01
278 50 -2.7777777591508e-02
277 50 -3.3333334202556e-02
39 51  1.0761955770988e-09
252 51  1.3333334790333e-01
40 51  2.2222169447216e-02
35 51  1.1111111020047e-01
256 51 -3.3333333933508e-02
251 51 -1.1111111251843e-01
36 51  1.3333333532013e-01
270 51 -5.5555560419118e-03
269 51  8.3333339852581e-03
48 51 -8.2784384902723e-10
46 51  5.4637599999907e-09
44 51 -4.4444444229202e-01
50 51 -1.5894574517672e-08
49 51 -1.1111108423933e+00
261 51 -5.3333333267101e-01
47 51 -8.8889103796608e-02
45 51 -5.3333328763639e-01
52 51 -8.3333338300377e-03
51 51  3.7333331339883e+00
53 51 -8.3333338610818e-03
268 51 -8.3333340163023e-03
54 51 -5.5555558556473e-03
255 51  2.7777778046821e-02
265 51  1.9999998518160e-01
263 51 -8.8889101147513e-02
281 51 -5.5555558556473e-03
260 51  4.4444444759021e-01
267 51 -2.2222215963737e-01
57 51 -1.1111111185616e-01
55 51  4.4444444593452e-01
264 51 -1.1111111181475e-01
280 51 -8.3333338610818e-03
58 51  1.3333334426083e-01
56 51 -5.3333331942553e-01
63 51  8.3333340163022e-03
64 51  8.3333339852581e-03
262 51  9.4374041359480e-09
65 51 -5.5555560419118e-03
59 51 -3.4769377377231e-09
61 51  1.7384689104949e-09
60 51 -1.1111108245119e+00
62 51  2.2222168205454e-02
279 51  8.3333338300377e-03
266 51 -1.2417637473838e-09
272 51 -5.3333327968911e-01
276 51  1.9999996696907e-01
271 51 -4.4444444196088e-01
274 51  1.3333333432672e-01
278 51 -3.3333329670120e-02
275 51  1.1111111073856e-01
273 51  1.1111110986934e-01
277 51 -2.7777777591508e-02
39 52 -8.3333353201538e-03
40 52  8.3333339231700e-03
35 52 -4.9670537474733e-10
36 52  3.3333335320155e-02
48 52 -3.3333340783914e-02
50 52 -8.3333351959775e-03
49 52  3.7252910868937e-10
46 52 -1.8214596497756e-17
44 52  3.4694469519536e-18
51 52 -8.3333338300377e-03
45 52  1.7347234759768e-18
47 52 -3.3333335692684e-02
39 53 -5.5555569214942e-03
40 53  8.3333338921259e-03
35 53  1.1111113677420e-02
36 53 -6.2088180083353e-11
48 53 -2.2222227189274e-02
50 53 -5.5555567973179e-03
49 53  2.4835273778907e-10
46 53  1.1111113677420e-02
44 53  4.4444454709685e-02
51 53 -8.3333338610818e-03
45 53 -2.4835274895635e-10
47 53 -6.2088187130667e-11
39 54  8.3333352787617e-03
40 54 -5.5555559798236e-03
35 54  3.3113691476350e-10
36 54 -2.2222223546768e-02
48 54 -8.2784261867461e-11
49 54  1.1111111835471e-02
50 54 -8.3333351959775e-03
46 54 -1.4311468676809e-17
44 54 -3.3113690001835e-10
51 54 -5.5555558556473e-03
45 54  4.4444447341889e-02
47 54 -2.2222223795121e-02
50 55 -5.3333337108288e-01
51 55  4.4444444593452e-01
46 55 -7.1111075745693e-01
47 55 -1.9868215683783e-09
59 55 -2.4888894074491e+00
60 55  1.1920930097220e-08
57 55 -7.1111077335150e-01
61 55 -5.3333335320149e-01
55 55  8.5333337942753e+00
58 55 -1.9868216794006e-09
56 55 -1.5894574781350e-08
62 55 -4.4444444295429e-01
63 55 -3.4694469519536e-18
64 55  4.4444455040822e-02
65 55 -7.8062556418956e-18
50 56  4.4444444593452e-01
51 56 -5.3333331942553e-01
46 56 -1.9868216516450e-09
47 56 -2.4888883603943e+00
59 56  1.1920930121506e-08
61 56 -4.4444444295429e-01
60 56 -7.1111145681798e-01
57 56 -1.9868215510310e-09
55 56 -1.5894574781350e-08
62 56 -5.3333328962321e-01
58 56 -2.4888883802625e+00
56 56  8.5333328723903e+00
63 56 -2.6020852139652e-18
64 56 -2.4835274288482e-10
65 56  4.4444447838594e-02
50 57  2.0000002707041e-01
51 57 -1.1111111185616e-01
46 57 -1.7777786420451e-01
47 57  9.9341083970028e-10
59 57 -5.3333336810265e-01
60 57  4.4444444593458e-01
61 57 -1.1111113617814e+00
57 57  5.3333333863146e+00
55 57 -7.1111077335150e-01
62 57  6.9538757530019e-09
58 57 -2.7712207528730e-15
56 57 -1.9868215510310e-09
63 57  1.5178830414797e-17
64 57  1.1111113760204e-02
65 57  1.3877787807814e-17
68 57 -1.7777785029677e-01
70 57 -5.3333336479128e-01
66 57 -7.1111081308792e-01
69 57  3.6425056720857e-09
67 57 -1.2583201050576e-08
71 57 -4.4444444427889e-01
74 57 -2.7755575615629e-17
75 57  1.1111113594636e-02
76 57  2.1684043449710e-17
72 57  2.0000002491802e-01
73 57  1.1111111069718e-01
50 58 -1.1111111185615e-01
51 58  1.3333334426083e-01
46 58  9.9341087786420e-10
47 58  1.7777769135097e-01
59 58  4.4444444593447e-01
61 58  6.9538757530019e-09
60 58 -5.3333331942554e-01
57 58 -2.7712207528730e-15
55 58 -1.9868216794006e-09
62 58 -8.8889080285886e-02
56 58 -2.4888883802625e+00
58 58  6.3999994701806e+00
63 58 -3.3333336065213e-02
64 58 -6.2088191359055e-11
65 58 -2.2222224043474e-02
70 58 -4.4444444427879e-01
72 58  1.1111111069717e-01
68 58  3.6425056720857e-09
66 58 -1.2583201008942e-08
73 58  1.3333333896263e-01
71 58 -5.3333330485551e-01
69 58  1.7777770525872e-01
67 58 -2.4888884438408e+00
74 58  3.3333336065213e-02
75 58 -6.2088184420161e-11
76 58 -2.2222224043474e-02
50 59 -8.8888667358224e-02
51 59 -3.4769377377231e-09
263 59  4.4444444692788e-01
46 59 -5.3333335618172e-01
267 59 -1.1111111148362e-01
262 59 -5.3333337604994e-01
47 59 -4.4444444295424e-01
281 59  6.9388939039072e-18
59 59  6.4000005761777e+00
280 59 -2.2222227520411e-02
60 59 -2.7815506493597e-08
57 59 -5.3333336810265e-01
55 59 -2.4888894074491e+00
61 59 -8.8888678285740e-02
58 59  4.4444444593447e-01
56 59  1.1920930121506e-08
63 59 -3.3333341280619e-02
64 59 -2.2222227520411e-02
266 59  1.3333332985637e-01
279 59  3.3333341280619e-02
272 59  1.9868218320562e-08
62 59 -3.4769375156785e-09
65 59 -2.9707139526103e-17
276 59 -2.9802325884898e-09
271 59 -2.4888894074491e+00
274 59 -4.4444444196083e-01
278 59  1.1111111073856e-01
275 59  1.7777786420441e-01
273 59 -5.3333334823444e-01
277 59  1.3333332240579e-01
50 60 -3.4769376267008e-09
263 60 -5.3333332935964e-01
51 60 -1.1111108245119e+00
46 60 -4.4444444295434e-01
267 60  1.9999998187023e-01
47 60 -5.3333328962321e-01
281 60  1.1111111959647e-02
262 60  4.4444444692799e-01
280 60  2.4835275242580e-10
59 60 -2.7815506493597e-08
61 60 -3.4769375156785e-09
57 60  4.4444444593458e-01
60 60  5.3333332757149e+00
55 60  1.1920930097220e-08
62 60 -1.1111108359361e+00
58 60 -5.3333331942554e-01
56 60 -7.1111145681798e-01
63 60  3.7252911953140e-10
64 60  2.4835274678794e-10
266 60 -1.1111111148363e-01
272 60 -7.1111145681798e-01
65 60  1.1111111959647e-02
279 60 -3.7252912560293e-10
276 60 -1.7777769135107e-01
274 60 -5.3333327968911e-01
271 60  1.9868218195662e-08
278 60  1.9999996771413e-01
275 60 -2.9802325642037e-09
273 60 -4.4444444196093e-01
